
FROM_M_TO_INCHES = 39.37;
FROM_M_TO_FEET = 1.0/0.3048;


FROM_PA_TO_PSI = 1.0/6894.7572931783;

FROM_N_TO_LBF = 0.2248089431;